3.785770117164032058e+02
3.774530954588429381e+02
3.763352747753701237e+02
3.752234983843968621e+02
3.741177155763072051e+02
3.730178762054978279e+02
3.719239306825515428e+02
3.708358299665404161e+02
3.697535255574566122e+02
3.686769694887678952e+02
3.676061143200959123e+02
3.665409131300150989e+02
3.654813195089685678e+02
3.644272875523005837e+02
3.633787718534019859e+02
3.623357274969674791e+02
3.612981100523613236e+02
3.602658755670911432e+02
3.592389805603863806e+02
3.582173820168796965e+02
3.572010373803906305e+02
3.561899045478069752e+02
3.551839418630656837e+02
3.541831081112278525e+02
3.531873625126483489e+02
3.521966647172377520e+02
3.512109747988142772e+02
3.502302532495453420e+02
3.492544609744754780e+02
3.482835592861405303e+02
3.473175098992658150e+02
3.463562749255463018e+02
3.453998168685085943e+02
3.444480986184523204e+02
3.435010834474688295e+02
3.425587350045379935e+02
3.416210173106995285e+02
3.406878947542982701e+02
3.397593320863025497e+02
3.388352944156939088e+02
3.379157472049266744e+02
3.370006562654568256e+02
3.360899877533381073e+02
3.351837081648849903e+02
3.342817843324008322e+02
3.333841834199702134e+02
3.324908729193141426e+02
3.316018206457076190e+02
3.307169947339577334e+02
3.298363636344415681e+02
3.289598961092032710e+02
3.280875612281083704e+02
3.272193283650553894e+02
3.263551671942427674e+02
3.254950476864909206e+02
3.246389401056181327e+02
3.237868150048695384e+02
3.229386432233979463e+02
3.220943958827958795e+02
3.212540443836784334e+02
3.204175604023150186e+02
3.195849158873098759e+02
3.187560830563305672e+02
3.179310343928838165e+02
3.171097426431364852e+02
3.162921808127836130e+02
3.154783221639595467e+02
3.146681402121942597e+02
3.138616087234123029e+02
3.130587017109743897e+02
3.122593934327608736e+02
3.114636583882964942e+02
3.106714713159149710e+02
3.098828071899642964e+02
3.090976412180505690e+02
3.083159488383203666e+02
3.075377057167810904e+02
3.067628877446589399e+02
3.059914710357928129e+02
3.052234319240648119e+02
3.044587469608662218e+02
3.036973929125981044e+02
3.029393467582066251e+02
3.021845856867517455e+02
3.014330870950096823e+02
3.006848285851077662e+02
2.999397879621915308e+02
2.991979432321236914e+02
2.984592725992142164e+02
2.977237544639811517e+02
2.969913674209416854e+02
2.962620902564325434e+02
2.955359019464606263e+02
2.948127816545816131e+02
2.940927087298071569e+02
2.933756627045403889e+02
2.926616232925381382e+02
2.919505703869013473e+02
2.912424840580910654e+02
2.905373445519712732e+02
2.898351322878773999e+02
2.891358278567103639e+02
2.884394120190555668e+02
2.877458657033265581e+02
2.870551700039330285e+02
2.863673061794727914e+02
2.856822556509472406e+02
2.849999999999999432e+02
2.843205209671782541e+02
2.836438004502173271e+02
2.829698205023462378e+02
2.822985633306161617e+02
2.816300112942498117e+02
2.809641469030120788e+02
2.803009528156018746e+02
2.796404118380639261e+02
2.789825069222214893e+02
2.783272211641282183e+02
2.776745378025408399e+02
2.770244402174099605e+02
2.763769119283905411e+02
2.757319365933713016e+02
2.750894980070224278e+02
2.744495800993614694e+02
2.738121669343372560e+02
2.731772427084317201e+02
2.725447917492790566e+02
2.719147985143018218e+02
2.712872475893644832e+02
2.706621236874433407e+02
2.700394116473129884e+02
2.694190964322491482e+02
2.688011631287470777e+02
2.681855969452564636e+02
2.675723832109310365e+02
2.669615073743943299e+02
2.663529550025195363e+02
2.657467117792253930e+02
2.651427635042858810e+02
2.645410960921548735e+02
2.639416955708045975e+02
2.633445480805785337e+02
2.627496398730581859e+02
2.621569573099432091e+02
2.615664868619452363e+02
2.609782151076950640e+02
2.603921287326625702e+02
2.598082145280899908e+02
2.592264593899377587e+02
2.586468503178426204e+02
2.580693744140885997e+02
2.574940188825901828e+02
2.569207710278865875e+02
2.563496182541496751e+02
2.557805480642016676e+02
2.552135480585457401e+02
2.546486059344074704e+02
2.540857094847877704e+02
2.535248465975264480e+02
2.529660052543774498e+02
2.524091735300939945e+02
2.518543395915250471e+02
2.513014916967221950e+02
2.507506181940562726e+02
2.502017075213452131e+02
2.496547482049908524e+02
2.491097288591267329e+02
2.485666381847748596e+02
2.480254649690126598e+02
2.474861980841491800e+02
2.469488264869109457e+02
2.464133392176371160e+02
2.458797253994832204e+02
2.453479742376349577e+02
2.448180750185300951e+02
2.442900171090894332e+02
2.437637899559564687e+02
2.432393830847459242e+02
2.427167860993001227e+02
2.421959886809541445e+02
2.416769805878093393e+02
2.411597516540145421e+02
2.406442917890555862e+02
2.401305909770529183e+02
2.396186392760666024e+02
2.391084268174093381e+02
2.385999438049670118e+02
2.380931805145268640e+02
2.375881272931129047e+02
2.370847745583288599e+02
2.365831127977081678e+02
2.360831325680712212e+02
2.355848244948897161e+02
2.350881792716578218e+02
2.345931876592700860e+02
2.340998404854067871e+02
2.336081286439250562e+02
2.331180430942573878e+02
2.326295748608162057e+02
2.321427150324051070e+02
2.316574547616362452e+02
2.311737852643543647e+02
2.306916978190667464e+02
2.302111837663792926e+02
2.297322345084387507e+02
2.292548415083809914e+02
2.287789962897849421e+02
2.283046904361325176e+02
2.278319155902744058e+02
2.273606634539012248e+02
2.268909257870205352e+02
2.264226944074394225e+02
2.259559611902523386e+02
2.254907180673344271e+02
2.250269570268404777e+02
2.245646701127085691e+02
2.241038494241695389e+02
2.236444871152611711e+02
2.231865753943476705e+02
2.227301065236439683e+02
2.222750728187453717e+02
2.218214666481615893e+02
2.213692804328560158e+02
2.209185066457895914e+02
2.204691378114694373e+02
2.200211665055021797e+02
2.195745853541517647e+02
2.191293870339019350e+02
2.186855642710233951e+02
2.182431098411449568e+02
2.178020165688293162e+02
2.173622773271533504e+02
2.169238850372924787e+02
2.164868326681093151e+02
2.160511132357463282e+02
2.156167198032230772e+02
2.151836454800371712e+02
2.147518834217692074e+02
2.143214268296920864e+02
2.138922689503838797e+02
2.134644030753447339e+02
2.130378225406178956e+02
2.126125207264138623e+02
2.121884910567390534e+02
2.117657269990278337e+02
2.113442220637780053e+02
2.109239698041903637e+02
2.105049638158116352e+02
2.100871977361809115e+02
2.096706652444795225e+02
2.092553600611847742e+02
2.088412759477265013e+02
2.084284067061476833e+02
2.080167461787676757e+02
2.076062882478494487e+02
2.071970268352694973e+02
2.067889559021914749e+02
2.063820694487426977e+02
2.059763615136939165e+02
2.055718261741422452e+02
2.051684575451969863e+02
2.047662497796688115e+02
2.043651970677618408e+02
2.039652936367683651e+02
2.035665337507672064e+02
2.031689117103242950e+02
2.027724218521966009e+02
2.023770585490385656e+02
2.019828162091117747e+02
2.015896892759969319e+02
2.011976722283089316e+02
2.008067595794146882e+02
2.004169458771531254e+02
2.000282257035586326e+02
1.996405936745864267e+02
1.992540444398411523e+02
1.988685726823073594e+02
1.984841731180831630e+02
1.981008404961160068e+02
1.977185695979412117e+02
1.973373552374226847e+02
1.969571922604963277e+02
1.965780755449156914e+02
1.961999999999999602e+02
1.958229605663846655e+02
1.954469522157742176e+02
1.950719699506969960e+02
1.946980088042628267e+02
1.943250638399224215e+02
1.939531301512294021e+02
1.935822028616041166e+02
1.932122771241000692e+02
1.928433481211720562e+02
1.924754110644470302e+02
1.921084611944963001e+02
1.917424937806104595e+02
1.913775041205762193e+02
1.910134875404550030e+02
1.906504393943640423e+02
1.902883550642588375e+02
1.899272299597184031e+02
1.895670595177317637e+02
1.892078392024865821e+02
1.888495645051600320e+02
1.884922309437110926e+02
1.881358340626750021e+02
1.877803694329595032e+02
1.874258326516428781e+02
1.870722193417738595e+02
1.867195251521732473e+02
1.863677457572374578e+02
1.860168768567435791e+02
1.856669141756566148e+02
1.853178534639377233e+02
1.849696904963550139e+02
1.846224210722952819e+02
1.842760410155779027e+02
1.839305461742702050e+02
1.835859324205044061e+02
1.832421956502962530e+02
1.828993317833651702e+02
1.825573367629562540e+02
1.822162065556634332e+02
1.818759371512545044e+02
1.815365245624974762e+02
1.811979648249885884e+02
1.808602539969818963e+02
1.805233881592198770e+02
1.801873634147662528e+02
1.798521758888395539e+02
1.795178217286485847e+02
1.791842971032290848e+02
1.788515982032820091e+02
1.785197212410128600e+02
1.781886624499727816e+02
1.778584180849007907e+02
1.775289844215674577e+02
1.772003577566198089e+02
1.768725344074276791e+02
1.765455107119313709e+02
1.762192830284905938e+02
1.758938477357345391e+02
1.755692012324135476e+02
1.752453399372516003e+02
1.749222602888006293e+02
1.745999587452954813e+02
1.742784317845104454e+02
1.739576759036169165e+02
1.736376876190421967e+02
1.733184634663297459e+02
1.729999999999999716e+02
1.726822937934130096e+02
1.723653414386320719e+02
1.720491395462881030e+02
1.717336847454455722e+02
1.714189736834693747e+02
1.711050030258929553e+02
1.707917694562871702e+02
1.704792696761307411e+02
1.701675004046813342e+02
1.698564583788479183e+02
1.695461403530641746e+02
1.692365430991628159e+02
1.689276634062512699e+02
1.686194980805877037e+02
1.683120439454589814e+02
1.680052978410587343e+02
1.676992566243670808e+02
1.673939171690310275e+02
1.670892763652456949e+02
1.667853311196369361e+02
1.664820783551444947e+02
1.661795150109063570e+02
1.658776380421439569e+02
1.655764444200481478e+02
1.652759311316665389e+02
1.649760951797910877e+02
1.646769335828472265e+02
1.643784433747834441e+02
1.640806216049619763e+02
1.637834653380502061e+02
1.634869716539130309e+02
1.631911376475061957e+02
1.628959604287700529e+02
1.626014371225247999e+02
1.623075648683658301e+02
1.620143408205606192e+02
1.617217621479458103e+02
1.614298260338254352e+02
1.611385296758700179e+02
1.608478702860160467e+02
1.605578450903667544e+02
1.602684513290932671e+02
1.599796862563367483e+02
1.596915471401112256e+02
1.594040312622070701e+02
1.591171359180954994e+02
1.588308584168335358e+02
1.585451960809697880e+02
1.582601462464510860e+02
1.579757062625296271e+02
1.576918734916709184e+02
1.574086453094625710e+02
1.571260191045234933e+02
1.568439922784140776e+02
1.565625622455467578e+02
1.562817264330976172e+02
1.560014822809183954e+02
1.557218272414491764e+02
1.554427587796318164e+02
1.551642743728240248e+02
1.548863715107141843e+02
1.546090476952364554e+02
1.543323004404868755e+02
1.540561272726400261e+02
1.537805257298661843e+02
1.535054933622491546e+02
1.532310277317047849e+02
1.529571264118999920e+02
1.526837869881724430e+02
1.524110070574507176e+02
1.521387842281753251e+02
1.518671161202199755e+02
1.515960003648135626e+02
1.513254346044629131e+02
1.510554164928757075e+02
1.507859436948843666e+02
1.505170138863701084e+02
1.502486247541879720e+02
1.499807739960919548e+02
1.497134593206610305e+02
1.494466784472255370e+02
1.491804291057941612e+02
1.489147090369812645e+02
1.486495159919351465e+02
1.483848477322662802e+02
1.481207020299765134e+02
1.478570766673885259e+02
1.475939694370758843e+02
1.473313781417935218e+02
1.470693005944088441e+02
1.468077346178330629e+02
1.465466780449534099e+02
1.462861287185653509e+02
1.460260844913057099e+02
1.457665432255860196e+02
1.455075027935263279e+02
1.452489610768895716e+02
1.449909159670163774e+02
1.447333653647602603e+02
1.444763071804233050e+02
1.442197393336923881e+02
1.439636597535754845e+02
1.437080663783390264e+02
1.434529571554450058e+02
1.431983300414890437e+02
1.429441830021385158e+02
1.426905140120713895e+02
1.424373210549152589e+02
1.421846021231867496e+02
1.419323552182318053e+02
1.416805783501655469e+02
1.414292695378133260e+02
1.411784268086518352e+02
1.409280481987504174e+02
1.406781317527132273e+02
1.404286755236213082e+02
1.401796775729753790e+02
1.399311359706389339e+02
1.396830487947814561e+02
1.394354141318224549e+02
1.391882300763754188e+02
1.389414947311925062e+02
1.386952062071092939e+02
1.384493626229900940e+02
1.382039621056735257e+02
1.379590027899184008e+02
1.377144828183500920e+02
1.374704003414071281e+02
1.372267535172881594e+02
1.369835405118992071e+02
1.367407594988014523e+02
1.364984086591589971e+02
1.362564861816873929e+02
1.360149902626019696e+02
1.357739191055671313e+02
1.355332709216452827e+02
1.352930439292465223e+02
1.350532363540786491e+02
1.348138464290971399e+02
1.345748723944558094e+02
1.343363124974574987e+02
1.340981649925052182e+02
1.338604281410535748e+02
1.336231002115603985e+02
1.333861794794387379e+02
1.331496642270090831e+02
1.329135527434520441e+02
1.326778433247611702e+02
1.324425342736957418e+02
1.322076238997346707e+02
1.319731105190297740e+02
1.317389924543598738e+02
1.315052680350848675e+02
1.312719355971004802e+02
1.310389934827926481e+02
1.308064400409926691e+02
1.305742736269325235e+02
1.303424926022002523e+02
1.301110953346957615e+02
1.298800801985869384e+02
1.296494455742655418e+02
1.294191898483042564e+02
1.291893114134128950e+02
1.289598086683957661e+02
1.287306800181086999e+02
1.285019238734164730e+02
1.282735386511507159e+02
1.280455227740675355e+02
1.278178746708058782e+02
1.275905927758458205e+02
1.273636755294671019e+02
1.271371213777080555e+02
1.269109287723245814e+02
1.266850961707493042e+02
1.264596220360512149e+02
1.262345048368952263e+02
1.260097430475019991e+02
1.257853351476081087e+02
1.255612796224263974e+02
1.253375749626063111e+02
1.251142196641946782e+02
1.248912122285965580e+02
1.246685511625364313e+02
1.244462349780193193e+02
1.242242621922923007e+02
1.240026313278063128e+02
1.237813409121777255e+02
1.235603894781505971e+02
1.233397755635587600e+02
1.231194977112882611e+02
1.228995544692399022e+02
1.226799443902919933e+02
1.224606660322632763e+02
1.222417179578759061e+02
1.220230987347189142e+02
1.218048069352114737e+02
1.215868411365664485e+02
1.213691999207543262e+02
1.211518818744669659e+02
1.209348855890817305e+02
1.207182096606257176e+02
1.205018526897401046e+02
1.202858132816447068e+02
1.200700900461027629e+02
1.198546815973855360e+02
1.196395865542375105e+02
1.194248035398414487e+02
1.192103311817835873e+02
1.189961681120191486e+02
1.187823129668379067e+02
1.185687643868297130e+02
1.183555210168504601e+02
1.181425815059880193e+02
1.179299445075283046e+02
1.177176086789214793e+02
1.175055726817482338e+02
1.172938351816864468e+02
1.170823948484775201e+02
1.168712503558932809e+02
1.166604003817027717e+02
1.164498436076390817e+02
1.162395787193666195e+02
1.160296044064481009e+02
1.158199193623118788e+02
1.156105222842194564e+02
1.154014118732328456e+02
1.151925868341822650e+02
1.149840458756338251e+02
1.147757877098574113e+02
1.145678110527944682e+02
1.143601146240261102e+02
1.141526971467413460e+02
1.139455573477049626e+02
1.137386939572262321e+02
1.135321057091269523e+02
1.133257913407101825e+02
1.131197495927287093e+02
1.129139792093535846e+02
1.127084789381431449e+02
1.125032475300115919e+02
1.122982837391979842e+02
1.120935863232351863e+02
1.118891540429189746e+02
1.116849856622770716e+02
1.114810799485384933e+02
1.112774356721026408e+02
1.110740516065088030e+02
1.108709265284053771e+02
1.106680592175195841e+02
1.104654484566267882e+02
1.102630930315201567e+02
1.100609917309803052e+02
1.098591433467451282e+02
1.096575466734793878e+02
1.094562005087445584e+02
1.092551036529687707e+02
1.090542549094167555e+02
1.088536530841596601e+02
1.086532969860452340e+02
1.084531854266677158e+02
1.082533172203380758e+02
1.080536911840540739e+02
1.078543061374704166e+02
1.076551609028690422e+02
1.074562543051292920e+02
1.072575851716981816e+02
1.070591523325608279e+02
1.068609546202106344e+02
1.066629908696196480e+02
1.064652599182090711e+02
1.062677606058195892e+02
1.060704917746817841e+02
1.058734522693865472e+02
1.056766409368556481e+02
1.054800566263120913e+02
1.052836981892506714e+02
1.050875644794083854e+02
1.048916543527350314e+02
1.046959666673636633e+02
1.045005002835810757e+02
1.043052540637983583e+02
1.041102268725213804e+02
1.039154175763212464e+02
1.037208250438049646e+02
1.035264481455857180e+02
1.033322857542535047e+02
1.031383367443455370e+02
1.029445999923167250e+02
1.027510743765101182e+02
1.025577587771273045e+02
1.023646520761988370e+02
1.021717531575545479e+02
1.019790609067941034e+02
1.017865742112569905e+02
1.015942919599931287e+02
1.014022130437329423e+02
1.012103363548577448e+02
1.010186607873696971e+02
1.008271852368622206e+02
1.006359086004898984e+02
1.004448297769387040e+02
1.002539476663958879e+02
1.000632611705200503e+02
9.987276919241097062e+01
9.968247063657949525e+01
9.949236440891745303e+01
9.930244941666717295e+01
9.911272456839145661e+01
9.892318877394291121e+01
9.873384094443372305e+01
9.854467999220501895e+01
9.835570483079635551e+01
9.816691437491496686e+01
9.797830754040506918e+01
9.778988324421705158e+01
9.760164040437656752e+01
9.741357793995351244e+01
9.722569477103090207e+01
9.703798981867383588e+01
9.685046200489809110e+01
9.666311025263873091e+01
9.647593348571886906e+01
9.628893062881773801e+01
9.610210060743933980e+01
9.591544234788037215e+01
9.572895477719863777e+01
9.554263682318068618e+01
9.535648741430983932e+01
9.517050547973403241e+01
9.498468994923317155e+01
9.479903975318681830e+01
9.461355382254141944e+01
9.442823108877755089e+01
9.424307048387704810e+01
9.405807094028978099e+01
9.387323139090055690e+01
9.368855076899576773e+01
9.350402800822969596e+01
9.331966204259104813e+01
9.313545180636893406e+01
9.295139623411895968e+01
9.276749426062897896e+01
9.258374482088476043e+01
9.240014685003549744e+01
9.221669928335904842e+01
9.203340105622709189e+01
9.185025110406988347e+01
9.166724836234125462e+01
9.148439176648285809e+01
9.130168025188865499e+01
9.111911275386900400e+01
9.093668820761453730e+01
9.075440554815980931e+01
9.057226371034691681e+01
9.039026162878859338e+01
9.020839823783127542e+01
9.002667247151794072e+01
8.984508326355060603e+01
8.966362954725262568e+01
8.948231025553079121e+01
8.930112432083713259e+01
8.912007067513037839e+01
8.893914824983738754e+01
8.875835597581404102e+01
8.857769278330606255e+01
8.839715760190944138e+01
8.821674936053064187e+01
8.803646698734645781e+01
8.785630940976363945e+01
8.767627555437817932e+01
8.749636434693431397e+01
8.731657471228318457e+01
8.713690557434112804e+01
8.695735585604789719e+01
8.677792447932414177e+01
8.659861036502890386e+01
8.641941243291658736e+01
8.624032960159361494e+01
8.606136078847485749e+01
8.588250490973939577e+01
8.570376088028621098e+01
8.552512761368940630e+01
8.534660402215293118e+01
8.516818901646510653e+01
8.498988150595255320e+01
8.481168039843390716e+01
8.463358460017293794e+01
8.445559301583135436e+01
8.427770454842119818e+01
8.409991809925675454e+01
8.392223256790595087e+01
8.374464685214145732e+01
8.356715984789117613e+01
8.338977044918840420e+01
8.321247754812132769e+01
8.303528003478224662e+01
8.285817679721608897e+01
8.268116672136865475e+01
8.250424869103406422e+01
8.232742158780192199e+01
8.215068429100382730e+01
8.197403567765937282e+01
8.179747462242153233e+01
8.162099999752165047e+01
8.144461067271352306e+01
8.126830551521736368e+01
8.109208338966273288e+01
8.091594315803111215e+01
8.073988367959772461e+01
8.056390381087290109e+01
8.038800240554259346e+01
8.021217831440833379e+01
8.003643038532659659e+01
7.986075746314730850e+01
7.968515838965188891e+01
7.950963200349033855e+01
7.933417714011784483e+01
7.915879263173043512e+01
7.898347730720014681e+01
7.880822999200914580e+01
7.863304950818331918e+01
7.845793467422492995e+01
7.828288430504456130e+01
7.810789721189212287e+01
7.793297220228726019e+01
7.775810807994858465e+01
7.758330364472236340e+01
7.740855769251008667e+01
7.723386901519531023e+01
7.705923640056944635e+01
7.688465863225680152e+01
7.671013448963840631e+01
7.653566274777512035e+01
7.636124217732970010e+01
7.618687154448772958e+01
7.601254961087764173e+01
7.583827513348977334e+01
7.566404686459414108e+01
7.548986355165732220e+01
7.531572393725824099e+01
7.514162675900260524e+01
7.496757074943644739e+01
7.479355463595840092e+01
7.461957714073074044e+01
7.444563698058937007e+01
7.427173286695226295e+01
7.409786350572703384e+01
7.392402759721687744e+01
7.375022383602542675e+01
7.357645091096014767e+01
7.340270750493446883e+01
7.322899229486840511e+01
7.305530395158774581e+01
7.288164113972214864e+01
7.270800251760108779e+01
7.253438673714903473e+01
7.236079244377852149e+01
7.218721827628203869e+01
7.201366286672204353e+01
7.184012484031953250e+01
7.166660281534088028e+01
7.149309540298291665e+01
7.131960120725645424e+01
7.114611882486778427e+01
7.097264684509870847e+01
7.079918384968433998e+01
7.062572841268932677e+01
7.045227910038211405e+01
7.027883447110706072e+01
7.010539307515476537e+01
6.993195345463024637e+01
6.975851414331913247e+01
6.958507366655157966e+01
6.941163054106415586e+01
6.923818327485945190e+01
6.906473036706339030e+01
6.889127030778031724e+01
6.871780157794566435e+01
6.854432264917618056e+01
6.837083198361779068e+01
6.819732803379082497e+01
6.802380924243277605e+01
6.785027404233835568e+01
6.767672085619690847e+01
6.750314809642711111e+01
6.732955416500873014e+01
6.715593745331170794e+01
6.698229634192216508e+01
6.680862920046553199e+01
6.663493438742649744e+01
6.646121024996591586e+01
6.628745512373450310e+01
6.611366733268323514e+01
6.593984518887040736e+01
6.576598699226531153e+01
6.559209103054836021e+01
6.541815557890768673e+01
6.524417889983209307e+01
6.507015924290007547e+01
6.489609484456539690e+01
6.472198392793826827e+01
6.454782470256299121e+01
6.437361536419105335e+01
6.419935409455044351e+01
6.402503906111027732e+01
6.385066841684131589e+01
6.367624029997187307e+01
6.350175283373904733e+01
6.332720412613538485e+01
6.315259226965051198e+01
6.297791534100798572e+01
6.280317140089695016e+01
6.262835849369875518e+01
6.245347464720801156e+01
6.227851787234840941e+01
6.210348616288286649e+01
6.192837749511792111e+01
6.175318982760229858e+01
6.157792110081945935e+01
6.140256923687396551e+01
6.122713213917151620e+01
6.105160769209259541e+01
6.087599376065926293e+01
6.070028819019544386e+01
6.052448880597986403e+01
6.034859341289216417e+01
6.017259979505140421e+01
5.999650571544719924e+01
5.982030891556295416e+01
5.964400711499127539e+01
5.946759801104118992e+01
5.929107927833698710e+01
5.911444856840846995e+01
5.893770350927239576e+01
5.876084170500487858e+01
5.858386073530441251e+01
5.840675815504543067e+01
5.822953149382205140e+01
5.805217825548162836e+01
5.787469591764808285e+01
5.769708193123452133e+01
5.751933371994491750e+01
5.734144867976457505e+01
5.716342417843900137e+01
5.698525755494090816e+01
5.680694611892502621e+01
5.662848715017028667e+01
5.644987789800915579e+01
5.627111558074358300e+01
5.609219738504738473e+01
5.591312046535440317e+01
5.573388194323226230e+01
5.555447890674133760e+01
5.537490840977801554e+01
5.519516747140257706e+01
5.501525307515046137e+01
5.483516216832696699e+01
5.465489166128460141e+01
5.447443842668263869e+01
5.429379929872838062e+01
